{
 "cells": [
  {
   "cell_type": "code",
   "execution_count": 5,
   "id": "faa2186e",
   "metadata": {},
   "outputs": [],
   "source": [
    "import numpy as np\n",
    "import pandas as pd\n",
    "import gym\n",
    "from gym import spaces\n",
    "import torch\n",
    "import torch.nn as nn\n",
    "import torch.optim as optim\n",
    "import torch.nn.functional as F\n",
    "from scipy.cluster.hierarchy import linkage, fcluster\n",
    "import yfinance as yf\n",
    "import time\n",
    "import glob\n",
    "import os\n",
    "import matplotlib.pyplot as plt\n",
    "from statsmodels.tsa.regime_switching.markov_regression import MarkovRegression"
   ]
  },
  {
   "cell_type": "markdown",
   "id": "954154ee",
   "metadata": {},
   "source": [
    "# DATA"
   ]
  },
  {
   "cell_type": "code",
   "execution_count": 7,
   "id": "e1abad5d",
   "metadata": {},
   "outputs": [
    {
     "name": "stdout",
     "output_type": "stream",
     "text": [
      "processing CSCO from data/data/CSCO.csv...\n",
      "processing BA from data/data/BA.csv...\n",
      "processing V from data/data/V.csv...\n",
      "processing WBA from data/data/WBA.csv...\n",
      "processing MRK from data/data/MRK.csv...\n",
      "processing PG from data/data/PG.csv...\n",
      "processing CAT from data/data/CAT.csv...\n",
      "processing MCD from data/data/MCD.csv...\n",
      "processing INTC from data/data/INTC.csv...\n",
      "processing MMM from data/data/MMM.csv...\n",
      "processing KO from data/data/KO.csv...\n",
      "processing MSFT from data/data/MSFT.csv...\n",
      "processing HD from data/data/HD.csv...\n",
      "processing AXP from data/data/AXP.csv...\n",
      "processing CVX from data/data/CVX.csv...\n",
      "processing NKE from data/data/NKE.csv...\n",
      "processing IBM from data/data/IBM.csv...\n",
      "processing GS from data/data/GS.csv...\n",
      "processing DIS from data/data/DIS.csv...\n",
      "processing JPM from data/data/JPM.csv...\n",
      "processing VZ from data/data/VZ.csv...\n",
      "processing AMGN from data/data/AMGN.csv...\n",
      "processing UNH from data/data/UNH.csv...\n",
      "processing HON from data/data/HON.csv...\n",
      "processing AAPL from data/data/AAPL.csv...\n",
      "processing WMT from data/data/WMT.csv...\n",
      "processing TRV from data/data/TRV.csv...\n",
      "processing JNJ from data/data/JNJ.csv...\n",
      "processing CRM from data/data/CRM.csv...\n",
      "                 CSCO         BA          V        WBA        MRK         PG  \\\n",
      "Date                                                                           \n",
      "2010-01-04  17.533108  43.777550  20.094740  26.326160  22.585732  41.439648   \n",
      "2010-01-05  17.454992  45.211346  19.864473  26.114424  22.677275  41.453209   \n",
      "2010-01-06  17.341375  46.582798  19.597733  25.916800  22.982409  41.256584   \n",
      "2010-01-07  17.419493  48.468563  19.780123  26.072073  23.019014  41.032848   \n",
      "2010-01-08  17.511806  48.001015  19.834837  26.107378  23.006811  40.978607   \n",
      "\n",
      "                  CAT        MCD       INTC        MMM  ...        JPM  \\\n",
      "Date                                                    ...              \n",
      "2010-01-04  41.353184  43.471889  14.020265  57.456116  ...  30.742664   \n",
      "2010-01-05  41.847588  43.139519  14.013546  57.096237  ...  31.338137   \n",
      "2010-01-06  41.974720  42.550919  13.966545  57.905968  ...  31.510313   \n",
      "2010-01-07  42.144238  42.862537  13.832249  57.947479  ...  32.134521   \n",
      "2010-01-08  42.617439  42.820984  13.986689  58.355827  ...  32.055599   \n",
      "\n",
      "                   VZ       AMGN        UNH        HON      AAPL        WMT  \\\n",
      "Date                                                                          \n",
      "2010-01-04  16.828819  43.267185  25.983179  28.948046  6.515212  40.329693   \n",
      "2010-01-05  16.859161  42.892368  25.941973  29.005453  6.526475  39.928097   \n",
      "2010-01-06  16.374392  42.570042  26.197439  29.005453  6.422665  39.838844   \n",
      "2010-01-07  16.276924  42.180252  27.202805  29.565041  6.410792  39.861179   \n",
      "2010-01-08  16.287182  42.555042  26.947346  30.217907  6.453413  39.660378   \n",
      "\n",
      "                  TRV        JNJ        CRM  \n",
      "Date                                         \n",
      "2010-01-04  36.311008  44.278530  18.705000  \n",
      "2010-01-05  35.450802  43.765095  18.625000  \n",
      "2010-01-06  34.947807  44.121063  18.592501  \n",
      "2010-01-07  35.450802  43.806160  18.510000  \n",
      "2010-01-08  35.399776  43.956768  18.537500  \n",
      "\n",
      "[5 rows x 29 columns]\n"
     ]
    }
   ],
   "source": [
    "# path to folder containing csv files. Each files correspond to an asset (stock)\n",
    "folder_path = os.path.join(\"data\", \"data\", \"*.csv\")\n",
    "csv_files = glob.glob(folder_path)\n",
    "data_frames = []\n",
    "\n",
    "for file in csv_files:\n",
    "    # each file name is the stock symbol, so we simply extract sticker from the file's name\n",
    "    symbol = os.path.splitext(os.path.basename(file))[0]\n",
    "    print(f\"processing {symbol} from {file}...\")\n",
    "    \n",
    "    # parse \"Date\" column and filter the desired timeline (range). To be updated later !!!(problem with yahoo\"s API)\n",
    "    df = pd.read_csv(file, parse_dates=['Date'])\n",
    "    #df = df.loc[~df.index.duplicated(keep='first')]\n",
    "    mask = (df['Date'] >= '2010-01-01') & (df['Date'] <= '2018-12-21')\n",
    "    df = df.loc[mask]\n",
    "    # we only consider \"Date\" and \"Adj Close\" columns\n",
    "    df = df[['Date', 'Adj Close']].set_index('Date')\n",
    "    df.rename(columns={'Adj Close': symbol}, inplace=True)\n",
    "    data_frames.append(df)\n",
    "\n",
    "merged_df = pd.concat(data_frames, axis=1)\n",
    "merged_df.sort_index(inplace=True)\n",
    "print(merged_df.head())\n",
    "#uncomment the next line to save the csv containing all stocks daily prices\n",
    "merged_df.to_csv(\"merged_historical_prices.csv\")"
   ]
  },
  {
   "cell_type": "code",
   "execution_count": null,
   "id": "6fb4ff3c",
   "metadata": {},
   "outputs": [],
   "source": [
    "#### You can ignore this part, i used SP500 for regime switching model but it didn't work for a univariate RSM\n",
    "#### Will consider a multivariate RSM later (probably for the final version)\n",
    "\n",
    "\"\"\"DON'T RUN THIS PART !!!!!\n",
    "\"\"\"\n",
    "path = os.path.join(\"stocks\", \"datasets\",\"dj30\", 'SP500.csv')\n",
    "sp500_df = pd.read_csv(path, parse_dates=['Date'])\n",
    "#sp500_df['Date'] = pd.to_datetime(sp500_df['Date'], format='%m/%d/%Y')\n",
    "sp500_df['Date'] = pd.to_datetime(sp500_df['Date'], infer_datetime_format=True, errors='coerce')\n",
    "sp500_df.dropna(subset=['Date'], inplace=True)\n",
    "mask = (sp500_df['Date'] >= '2010-01-01') & (sp500_df['Date'] <= '2022-01-01')\n",
    "sp500_df = sp500_df.loc[mask]\n",
    "sp500_prices = sp500_df[['Date', 'Close']].copy()\n",
    "sp500_prices.rename(columns={'Close': 'SP500'}, inplace=True)\n",
    "sp500_prices.set_index('Date', inplace=True)\n",
    "df = merged_df\n",
    "df = df.merge(sp500_prices, left_index=True, right_index=True, how='outer')\n",
    "df.sort_index(inplace=True)\n",
    "df.fillna(method='ffill', inplace=True)\n",
    "columns, shape = df.columns, df.shape\n",
    "print(columns,shape)"
   ]
  },
  {
   "cell_type": "markdown",
   "id": "69d92624",
   "metadata": {},
   "source": [
    "# Correlation clustering"
   ]
  },
  {
   "cell_type": "code",
   "execution_count": 8,
   "id": "28e75974",
   "metadata": {},
   "outputs": [
    {
     "name": "stdout",
     "output_type": "stream",
     "text": [
      "\n",
      "representative correlation matrices:\n",
      "Matrix 1:\n",
      " [[1.         0.60223916 0.50979559 0.42526413 0.5292338  0.54682248\n",
      "  0.57915034 0.52727064 0.61714518 0.58363057 0.52672298 0.626071\n",
      "  0.55738858 0.58374095 0.55964899 0.60501455 0.61717579 0.51179685\n",
      "  0.57740281 0.59665919 0.50516454 0.45169556 0.45988273 0.64904691\n",
      "  0.56046428 0.47443405 0.55766824 0.598461   0.49437491]\n",
      " [0.60223916 1.         0.53531331 0.53586055 0.58939395 0.58578008\n",
      "  0.66365553 0.5936087  0.58290002 0.69187961 0.6100825  0.60504659\n",
      "  0.65455634 0.66052892 0.64869323 0.69865926 0.64261893 0.56747819\n",
      "  0.65307496 0.6782365  0.53876556 0.53467584 0.55707355 0.80343554\n",
      "  0.57820595 0.46967951 0.60700322 0.65516443 0.49695584]\n",
      " [0.50979559 0.53531331 1.         0.3911563  0.46075988 0.442936\n",
      "  0.48931688 0.52219165 0.42847978 0.55933469 0.46456168 0.45013076\n",
      "  0.51920911 0.57302825 0.52076999 0.55923162 0.50782388 0.43206832\n",
      "  0.47992509 0.53414585 0.47989278 0.41905059 0.39953572 0.57074935\n",
      "  0.5004553  0.34061823 0.49980363 0.51734903 0.43949287]\n",
      " [0.42526413 0.53586055 0.3911563  1.         0.4634998  0.51071095\n",
      "  0.48490689 0.48170193 0.48759287 0.52208121 0.50419547 0.47702912\n",
      "  0.51883463 0.47831333 0.50538258 0.52609369 0.4882989  0.40807494\n",
      "  0.44192096 0.48614169 0.42235449 0.43283642 0.43161082 0.55827967\n",
      "  0.39306539 0.46864175 0.49656619 0.55704311 0.36773432]\n",
      " [0.5292338  0.58939395 0.46075988 0.4634998  1.         0.56027946\n",
      "  0.58044003 0.55321177 0.5278618  0.61093698 0.58589767 0.53307402\n",
      "  0.55183162 0.57997142 0.6583088  0.55548553 0.58712113 0.50037233\n",
      "  0.57053463 0.58536942 0.58179328 0.56819345 0.56787831 0.63471667\n",
      "  0.46497148 0.47445369 0.56576003 0.68017683 0.38695221]\n",
      " [0.54682248 0.58578008 0.442936   0.51071095 0.56027946 1.\n",
      "  0.53109776 0.57105861 0.52560218 0.59417245 0.67147478 0.54231968\n",
      "  0.56374483 0.53497213 0.58104612 0.57739572 0.60183166 0.43924813\n",
      "  0.53545494 0.5559222  0.59785007 0.50636854 0.43741983 0.61990611\n",
      "  0.48886557 0.5461837  0.58968022 0.66521555 0.3808665 ]\n",
      " [0.57915034 0.66365553 0.48931688 0.48490689 0.58044003 0.53109776\n",
      "  1.         0.55987998 0.61647848 0.71044489 0.5884861  0.58314288\n",
      "  0.58182686 0.66716411 0.74461749 0.65126844 0.65291677 0.5430104\n",
      "  0.60894075 0.65755277 0.57064841 0.46813724 0.46178539 0.78980086\n",
      "  0.62287022 0.46762068 0.57429798 0.57216834 0.53342743]\n",
      " [0.52727064 0.5936087  0.52219165 0.48170193 0.55321177 0.57105861\n",
      "  0.55987998 1.         0.48053143 0.59720692 0.58867371 0.56991213\n",
      "  0.60325064 0.56762624 0.59116871 0.65211827 0.56426392 0.44482042\n",
      "  0.53381852 0.51204536 0.53729468 0.53951849 0.5152853  0.62610759\n",
      "  0.50283316 0.5232686  0.58140359 0.60659589 0.46539631]\n",
      " [0.61714518 0.58290002 0.42847978 0.48759287 0.5278618  0.52560218\n",
      "  0.61647848 0.48053143 1.         0.60583081 0.56064633 0.65889897\n",
      "  0.57813342 0.5887532  0.61212049 0.58166887 0.65736585 0.54282236\n",
      "  0.58250765 0.608918   0.52376928 0.50893065 0.46837976 0.66990256\n",
      "  0.587193   0.43621523 0.56222303 0.57621036 0.48879209]\n",
      " [0.58363057 0.69187961 0.55933469 0.52208121 0.61093698 0.59417245\n",
      "  0.71044489 0.59720692 0.60583081 1.         0.61907537 0.59469248\n",
      "  0.60777986 0.6763757  0.67896478 0.67898502 0.65451028 0.55200718\n",
      "  0.64343028 0.67460283 0.59747683 0.54008079 0.52414895 0.76947391\n",
      "  0.5940191  0.51213579 0.61625935 0.6576595  0.50602006]\n",
      " [0.52672298 0.6100825  0.46456168 0.50419547 0.58589767 0.67147478\n",
      "  0.5884861  0.58867371 0.56064633 0.61907537 1.         0.56881907\n",
      "  0.5370712  0.56863845 0.63836395 0.59571798 0.62465981 0.46514715\n",
      "  0.54201851 0.55771326 0.59891685 0.51979065 0.53497739 0.65573262\n",
      "  0.48167609 0.56035018 0.6055334  0.65517931 0.42372595]\n",
      " [0.626071   0.60504659 0.45013076 0.47702912 0.53307402 0.54231968\n",
      "  0.58314288 0.56991213 0.65889897 0.59469248 0.56881907 1.\n",
      "  0.57738872 0.61404982 0.604428   0.59014082 0.68278638 0.52457481\n",
      "  0.57825193 0.59602165 0.52326377 0.51101929 0.47421522 0.66790078\n",
      "  0.6051014  0.50875319 0.56665925 0.61148864 0.48331968]\n",
      " [0.55738858 0.65455634 0.51920911 0.51883463 0.55183162 0.56374483\n",
      "  0.58182686 0.60325064 0.57813342 0.60777986 0.5370712  0.57738872\n",
      "  1.         0.64166934 0.61230733 0.69299679 0.57411901 0.52145296\n",
      "  0.58591381 0.61348242 0.51464007 0.53297998 0.53169297 0.70617207\n",
      "  0.53492178 0.55011165 0.57019062 0.5881261  0.43985478]\n",
      " [0.58374095 0.66052892 0.57302825 0.47831333 0.57997142 0.53497213\n",
      "  0.66716411 0.56762624 0.5887532  0.6763757  0.56863845 0.61404982\n",
      "  0.64166934 1.         0.6309413  0.63609646 0.61982806 0.61168212\n",
      "  0.6297097  0.71778775 0.55660008 0.50779818 0.49501252 0.70733955\n",
      "  0.55375847 0.43368879 0.62947342 0.58034622 0.49465403]\n",
      " [0.55964899 0.64869323 0.52076999 0.50538258 0.6583088  0.58104612\n",
      "  0.74461749 0.59116871 0.61212049 0.67896478 0.63836395 0.604428\n",
      "  0.61230733 0.6309413  1.         0.6438693  0.63815746 0.56042192\n",
      "  0.62811558 0.6849243  0.61073107 0.52985611 0.52821597 0.75736318\n",
      "  0.56750093 0.5084489  0.60534818 0.63499767 0.48500968]\n",
      " [0.60501455 0.69865926 0.55923162 0.52609369 0.55548553 0.57739572\n",
      "  0.65126844 0.65211827 0.58166887 0.67898502 0.59571798 0.59014082\n",
      "  0.69299679 0.63609646 0.6438693  1.         0.63059702 0.52907378\n",
      "  0.63197056 0.62657468 0.55712286 0.52016961 0.53441728 0.74930093\n",
      "  0.5945071  0.5375253  0.60539938 0.63415873 0.56643087]\n",
      " [0.61717579 0.64261893 0.50782388 0.4882989  0.58712113 0.60183166\n",
      "  0.65291677 0.56426392 0.65736585 0.65451028 0.62465981 0.68278638\n",
      "  0.57411901 0.61982806 0.63815746 0.63059702 1.         0.50648607\n",
      "  0.59938138 0.61236224 0.63162089 0.5442963  0.52818881 0.72261598\n",
      "  0.62186917 0.47049559 0.60276544 0.66056369 0.49984403]\n",
      " [0.51179685 0.56747819 0.43206832 0.40807494 0.50037233 0.43924813\n",
      "  0.5430104  0.44482042 0.54282236 0.55200718 0.46514715 0.52457481\n",
      "  0.52145296 0.61168212 0.56042192 0.52907378 0.50648607 1.\n",
      "  0.53217893 0.79651187 0.46498085 0.4519705  0.47374167 0.61690638\n",
      "  0.47325976 0.38529532 0.58162151 0.52997268 0.39358056]\n",
      " [0.57740281 0.65307496 0.47992509 0.44192096 0.57053463 0.53545494\n",
      "  0.60894075 0.53381852 0.58250765 0.64343028 0.54201851 0.57825193\n",
      "  0.58591381 0.6297097  0.62811558 0.63197056 0.59938138 0.53217893\n",
      "  1.         0.64818119 0.51913337 0.52353505 0.46809843 0.69943338\n",
      "  0.51682564 0.45875867 0.60651444 0.57920128 0.48754621]\n",
      " [0.59665919 0.6782365  0.53414585 0.48614169 0.58536942 0.5559222\n",
      "  0.65755277 0.51204536 0.608918   0.67460283 0.55771326 0.59602165\n",
      "  0.61348242 0.71778775 0.6849243  0.62657468 0.61236224 0.79651187\n",
      "  0.64818119 1.         0.57543087 0.49667955 0.50884335 0.72482292\n",
      "  0.52243326 0.45557027 0.68570644 0.62699392 0.48832067]\n",
      " [0.50516454 0.53876556 0.47989278 0.42235449 0.58179328 0.59785007\n",
      "  0.57064841 0.53729468 0.52376928 0.59747683 0.59891685 0.52326377\n",
      "  0.51464007 0.55660008 0.61073107 0.55712286 0.63162089 0.46498085\n",
      "  0.51913337 0.57543087 1.         0.52150004 0.43643653 0.60391286\n",
      "  0.49586821 0.49995355 0.56939967 0.63068432 0.35186145]\n",
      " [0.45169556 0.53467584 0.41905059 0.43283642 0.56819345 0.50636854\n",
      "  0.46813724 0.53951849 0.50893065 0.54008079 0.51979065 0.51101929\n",
      "  0.53297998 0.50779818 0.52985611 0.52016961 0.5442963  0.4519705\n",
      "  0.52353505 0.49667955 0.52150004 1.         0.54886007 0.57659726\n",
      "  0.45358289 0.44129624 0.53915672 0.61685778 0.35638594]\n",
      " [0.45988273 0.55707355 0.39953572 0.43161082 0.56787831 0.43741983\n",
      "  0.46178539 0.5152853  0.46837976 0.52414895 0.53497739 0.47421522\n",
      "  0.53169297 0.49501252 0.52821597 0.53441728 0.52818881 0.47374167\n",
      "  0.46809843 0.50884335 0.43643653 0.54886007 1.         0.58310725\n",
      "  0.45253194 0.39766057 0.49606289 0.53764265 0.3808131 ]\n",
      " [0.64904691 0.80343554 0.57074935 0.55827967 0.63471667 0.61990611\n",
      "  0.78980086 0.62610759 0.66990256 0.76947391 0.65573262 0.66790078\n",
      "  0.70617207 0.70733955 0.75736318 0.74930093 0.72261598 0.61690638\n",
      "  0.69943338 0.72482292 0.60391286 0.57659726 0.58310725 1.\n",
      "  0.6555416  0.54919789 0.65892516 0.68231653 0.54884946]\n",
      " [0.56046428 0.57820595 0.5004553  0.39306539 0.46497148 0.48886557\n",
      "  0.62287022 0.50283316 0.587193   0.5940191  0.48167609 0.6051014\n",
      "  0.53492178 0.55375847 0.56750093 0.5945071  0.62186917 0.47325976\n",
      "  0.51682564 0.52243326 0.49586821 0.45358289 0.45253194 0.6555416\n",
      "  1.         0.39155385 0.49253768 0.54974003 0.47481722]\n",
      " [0.47443405 0.46967951 0.34061823 0.46864175 0.47445369 0.5461837\n",
      "  0.46762068 0.5232686  0.43621523 0.51213579 0.56035018 0.50875319\n",
      "  0.55011165 0.43368879 0.5084489  0.5375253  0.47049559 0.38529532\n",
      "  0.45875867 0.45557027 0.49995355 0.44129624 0.39766057 0.54919789\n",
      "  0.39155385 1.         0.50367051 0.54344512 0.33258466]\n",
      " [0.55766824 0.60700322 0.49980363 0.49656619 0.56576003 0.58968022\n",
      "  0.57429798 0.58140359 0.56222303 0.61625935 0.6055334  0.56665925\n",
      "  0.57019062 0.62947342 0.60534818 0.60539938 0.60276544 0.58162151\n",
      "  0.60651444 0.68570644 0.56939967 0.53915672 0.49606289 0.65892516\n",
      "  0.49253768 0.50367051 1.         0.61666673 0.43266991]\n",
      " [0.598461   0.65516443 0.51734903 0.55704311 0.68017683 0.66521555\n",
      "  0.57216834 0.60659589 0.57621036 0.6576595  0.65517931 0.61148864\n",
      "  0.5881261  0.58034622 0.63499767 0.63415873 0.66056369 0.52997268\n",
      "  0.57920128 0.62699392 0.63068432 0.61685778 0.53764265 0.68231653\n",
      "  0.54974003 0.54344512 0.61666673 1.         0.42447883]\n",
      " [0.49437491 0.49695584 0.43949287 0.36773432 0.38695221 0.3808665\n",
      "  0.53342743 0.46539631 0.48879209 0.50602006 0.42372595 0.48331968\n",
      "  0.43985478 0.49465403 0.48500968 0.56643087 0.49984403 0.39358056\n",
      "  0.48754621 0.48832067 0.35186145 0.35638594 0.3808131  0.54884946\n",
      "  0.47481722 0.33258466 0.43266991 0.42447883 1.        ]]\n",
      "Matrix 2:\n",
      " [[ 1.          0.284318    0.2695639   0.20822567  0.14485851  0.21050559\n",
      "   0.24171262  0.15267017  0.29466002  0.28292117  0.25131762  0.41380479\n",
      "   0.21395466  0.20801367  0.18626721  0.14273457  0.22124628  0.26417999\n",
      "   0.21591066  0.24202179  0.15279319  0.2155584   0.13478351  0.31028544\n",
      "   0.26118612  0.21585936  0.2024726   0.21237866  0.18790439]\n",
      " [ 0.284318    1.          0.24693224  0.21518023  0.2085708   0.19907865\n",
      "   0.38083579  0.14850655  0.28052188  0.37374707  0.29823328  0.33362914\n",
      "   0.24780844  0.33379434  0.27725496  0.14086538  0.3199233   0.3546513\n",
      "   0.37115989  0.36889617  0.19349709  0.16998514  0.24718587  0.40974102\n",
      "   0.20838389  0.18943161  0.21795054  0.20823517  0.21887361]\n",
      " [ 0.2695639   0.24693224  1.          0.17155219  0.1334921   0.15216388\n",
      "   0.2423835   0.13532738  0.36377561  0.30504229  0.19158585  0.47369123\n",
      "   0.22846502  0.37997463  0.1097714   0.20227036  0.28880731  0.28898639\n",
      "   0.2386087   0.26063733  0.08850805  0.23379843  0.13598997  0.33144249\n",
      "   0.36662216  0.08068583  0.09713568  0.21871552  0.39382102]\n",
      " [ 0.20822567  0.21518023  0.17155219  1.          0.2179104   0.15857317\n",
      "   0.21133918  0.17582475  0.25447812  0.26544889  0.20336396  0.31215356\n",
      "   0.28265427  0.27557196  0.12215798  0.18667339  0.1425995   0.24323464\n",
      "   0.26016972  0.28496494  0.20437798  0.2671029   0.19700554  0.28248073\n",
      "   0.19412846  0.32765423  0.12861685  0.26461528  0.15573339]\n",
      " [ 0.14485851  0.2085708   0.1334921   0.2179104   1.          0.21840808\n",
      "   0.20084012  0.19616538  0.24947231  0.26618035  0.22938242  0.22352575\n",
      "   0.10930479  0.19579506  0.220561    0.05712018  0.25332897  0.24318361\n",
      "   0.20966557  0.28153364  0.33753569  0.41592153  0.19160823  0.17713381\n",
      "   0.12806598  0.23170804  0.17276053  0.38436156  0.10384059]\n",
      " [ 0.21050559  0.19907865  0.15216388  0.15857317  0.21840808  1.\n",
      "   0.13613856  0.21394857  0.25394355  0.18650978  0.41793947  0.25755583\n",
      "   0.12697182  0.09348482  0.22383872  0.14018392  0.26972817  0.02054215\n",
      "   0.18634499  0.08465631  0.27826969  0.17711089  0.04519245  0.12068002\n",
      "   0.18582498  0.23453347  0.23681612  0.26094951  0.13642053]\n",
      " [ 0.24171262  0.38083579  0.2423835   0.21133918  0.20084012  0.13613856\n",
      "   1.          0.25820047  0.28640866  0.31686091  0.12663071  0.2848888\n",
      "   0.31026766  0.38360879  0.47121762  0.13866747  0.31298463  0.4370984\n",
      "   0.26936813  0.47645731  0.19007612  0.18783057  0.2110791   0.48037836\n",
      "   0.22532535  0.1269897   0.31161945  0.19548181  0.21524044]\n",
      " [ 0.15267017  0.14850655  0.13532738  0.17582475  0.19616538  0.21394857\n",
      "   0.25820047  1.          0.19428854  0.16684982  0.29910598  0.28682786\n",
      "   0.29434158  0.17092988  0.10846187  0.19083963  0.16570014  0.09808388\n",
      "   0.14040277  0.12677721  0.14248415  0.15025888  0.11825335  0.18752991\n",
      "   0.17251674  0.16736588  0.23485346  0.15823758  0.18407292]\n",
      " [ 0.29466002  0.28052188  0.36377561  0.25447812  0.24947231  0.25394355\n",
      "   0.28640866  0.19428854  1.          0.3234192   0.27825683  0.47335303\n",
      "   0.26302374  0.22583697  0.15752761  0.14687711  0.25722338  0.19131832\n",
      "   0.21506294  0.21284366  0.2340397   0.27338645  0.17878076  0.28615606\n",
      "   0.33229232  0.26157325  0.20105735  0.2136248   0.32060746]\n",
      " [ 0.28292117  0.37374707  0.30504229  0.26544889  0.26618035  0.18650978\n",
      "   0.31686091  0.16684982  0.3234192   1.          0.26852371  0.36870426\n",
      "   0.37760167  0.29740838  0.30600699  0.23025341  0.37060425  0.24676847\n",
      "   0.34277863  0.26608596  0.32476527  0.20352749  0.24775499  0.49812504\n",
      "   0.24673335  0.1294818   0.41333949  0.40195259  0.1513979 ]\n",
      " [ 0.25131762  0.29823328  0.19158585  0.20336396  0.22938242  0.41793947\n",
      "   0.12663071  0.29910598  0.27825683  0.26852371  1.          0.30453151\n",
      "   0.21559719  0.11071583  0.2261337   0.17859693  0.32273473  0.04856371\n",
      "   0.21959265  0.06162126  0.31028199  0.11053947  0.18658867  0.2348399\n",
      "   0.19509799  0.20827769  0.2817953   0.14771214  0.15857893]\n",
      " [ 0.41380479  0.33362914  0.47369123  0.31215356  0.22352575  0.25755583\n",
      "   0.2848888   0.28682786  0.47335303  0.36870426  0.30453151  1.\n",
      "   0.3142456   0.2646218   0.2139737   0.22874694  0.30608718  0.26532895\n",
      "   0.29126263  0.27912648  0.21774284  0.27226511  0.18663865  0.41605636\n",
      "   0.43051808  0.16971     0.15742944  0.22873056  0.43533191]\n",
      " [ 0.21395466  0.24780844  0.22846502  0.28265427  0.10930479  0.12697182\n",
      "   0.31026766  0.29434158  0.26302374  0.37760167  0.21559719  0.3142456\n",
      "   1.          0.30814114  0.21616745  0.27691272  0.32207617  0.33595787\n",
      "   0.25990711  0.33130481  0.23125632  0.17776664  0.27072561  0.4433648\n",
      "   0.21179101  0.29862157  0.36446064  0.16746903  0.18232674]\n",
      " [ 0.20801367  0.33379434  0.37997463  0.27557196  0.19579506  0.09348482\n",
      "   0.38360879  0.17092988  0.22583697  0.29740838  0.11071583  0.2646218\n",
      "   0.30814114  1.          0.22459325  0.19246269  0.30277862  0.52266021\n",
      "   0.32456588  0.54942877  0.04719308  0.26455338  0.35223198  0.3532936\n",
      "   0.19388093  0.19992449  0.10447051  0.2370563   0.20879969]\n",
      " [ 0.18626721  0.27725496  0.1097714   0.12215798  0.220561    0.22383872\n",
      "   0.47121762  0.10846187  0.15752761  0.30600699  0.2261337   0.2139737\n",
      "   0.21616745  0.22459325  1.          0.0503257   0.29551688  0.34382802\n",
      "   0.156089    0.33693742  0.25689062  0.03960738  0.20505329  0.2956648\n",
      "   0.11530785  0.03727809  0.28744131  0.21350513  0.09031603]\n",
      " [ 0.14273457  0.14086538  0.20227036  0.18667339  0.05712018  0.14018392\n",
      "   0.13866747  0.19083963  0.14687711  0.23025341  0.17859693  0.22874694\n",
      "   0.27691272  0.19246269  0.0503257   1.          0.16837434  0.08882919\n",
      "   0.23145422  0.09872134  0.19334869  0.17202262  0.08611948  0.22012188\n",
      "   0.1755067   0.18639484  0.1603118   0.11533324  0.19623628]\n",
      " [ 0.22124628  0.3199233   0.28880731  0.1425995   0.25332897  0.26972817\n",
      "   0.31298463  0.16570014  0.25722338  0.37060425  0.32273473  0.30608718\n",
      "   0.32207617  0.30277862  0.29551688  0.16837434  1.          0.25991421\n",
      "   0.27486367  0.32494158  0.21853961  0.18782009  0.15149237  0.3292345\n",
      "   0.22317527  0.17342519  0.29719026  0.26014859  0.14529272]\n",
      " [ 0.26417999  0.3546513   0.28898639  0.24323464  0.24318361  0.02054215\n",
      "   0.4370984   0.09808388  0.19131832  0.24676847  0.04856371  0.26532895\n",
      "   0.33595787  0.52266021  0.34382802  0.08882919  0.25991421  1.\n",
      "   0.27692311  0.79313724  0.10704506  0.2767983   0.29727272  0.34989208\n",
      "   0.22205283  0.13705066  0.26784847  0.16952586  0.20070666]\n",
      " [ 0.21591066  0.37115989  0.2386087   0.26016972  0.20966557  0.18634499\n",
      "   0.26936813  0.14040277  0.21506294  0.34277863  0.21959265  0.29126263\n",
      "   0.25990711  0.32456588  0.156089    0.23145422  0.27486367  0.27692311\n",
      "   1.          0.30345455  0.33542799  0.17364743  0.2227039   0.2943059\n",
      "   0.19038726  0.18313458  0.18784765  0.14730837  0.22426523]\n",
      " [ 0.24202179  0.36889617  0.26063733  0.28496494  0.28153364  0.08465631\n",
      "   0.47645731  0.12677721  0.21284366  0.26608596  0.06162126  0.27912648\n",
      "   0.33130481  0.54942877  0.33693742  0.09872134  0.32494158  0.79313724\n",
      "   0.30345455  1.          0.14411009  0.32172801  0.3301249   0.38120637\n",
      "   0.20218811  0.15936792  0.33021756  0.19570561  0.13631704]\n",
      " [ 0.15279319  0.19349709  0.08850805  0.20437798  0.33753569  0.27826969\n",
      "   0.19007612  0.14248415  0.2340397   0.32476527  0.31028199  0.21774284\n",
      "   0.23125632  0.04719308  0.25689062  0.19334869  0.21853961  0.10704506\n",
      "   0.33542799  0.14411009  1.          0.13732955  0.07753907  0.18023782\n",
      "   0.14149009  0.27440056  0.26205538  0.31751808  0.08443574]\n",
      " [ 0.2155584   0.16998514  0.23379843  0.2671029   0.41592153  0.17711089\n",
      "   0.18783057  0.15025888  0.27338645  0.20352749  0.11053947  0.27226511\n",
      "   0.17776664  0.26455338  0.03960738  0.17202262  0.18782009  0.2767983\n",
      "   0.17364743  0.32172801  0.13732955  1.          0.18057671  0.19494975\n",
      "   0.22777163  0.22082936  0.08993182  0.35336483  0.16064285]\n",
      " [ 0.13478351  0.24718587  0.13598997  0.19700554  0.19160823  0.04519245\n",
      "   0.2110791   0.11825335  0.17878076  0.24775499  0.18658867  0.18663865\n",
      "   0.27072561  0.35223198  0.20505329  0.08611948  0.15149237  0.29727272\n",
      "   0.2227039   0.3301249   0.07753907  0.18057671  1.          0.28472698\n",
      "   0.19289478  0.19785354  0.31549182  0.13745643  0.13868038]\n",
      " [ 0.31028544  0.40974102  0.33144249  0.28248073  0.17713381  0.12068002\n",
      "   0.48037836  0.18752991  0.28615606  0.49812504  0.2348399   0.41605636\n",
      "   0.4433648   0.3532936   0.2956648   0.22012188  0.3292345   0.34989208\n",
      "   0.2943059   0.38120637  0.18023782  0.19494975  0.28472698  1.\n",
      "   0.35003425  0.20932421  0.32592696  0.2533274   0.28778985]\n",
      " [ 0.26118612  0.20838389  0.36662216  0.19412846  0.12806598  0.18582498\n",
      "   0.22532535  0.17251674  0.33229232  0.24673335  0.19509799  0.43051808\n",
      "   0.21179101  0.19388093  0.11530785  0.1755067   0.22317527  0.22205283\n",
      "   0.19038726  0.20218811  0.14149009  0.22777163  0.19289478  0.35003425\n",
      "   1.          0.17725019  0.12832668  0.16810673  0.32213393]\n",
      " [ 0.21585936  0.18943161  0.08068583  0.32765423  0.23170804  0.23453347\n",
      "   0.1269897   0.16736588  0.26157325  0.1294818   0.20827769  0.16971\n",
      "   0.29862157  0.19992449  0.03727809  0.18639484  0.17342519  0.13705066\n",
      "   0.18313458  0.15936792  0.27440056  0.22082936  0.19785354  0.20932421\n",
      "   0.17725019  1.          0.25029694  0.15252718 -0.01677806]\n",
      " [ 0.2024726   0.21795054  0.09713568  0.12861685  0.17276053  0.23681612\n",
      "   0.31161945  0.23485346  0.20105735  0.41333949  0.2817953   0.15742944\n",
      "   0.36446064  0.10447051  0.28744131  0.1603118   0.29719026  0.26784847\n",
      "   0.18784765  0.33021756  0.26205538  0.08993182  0.31549182  0.32592696\n",
      "   0.12832668  0.25029694  1.          0.19918433  0.060008  ]\n",
      " [ 0.21237866  0.20823517  0.21871552  0.26461528  0.38436156  0.26094951\n",
      "   0.19548181  0.15823758  0.2136248   0.40195259  0.14771214  0.22873056\n",
      "   0.16746903  0.2370563   0.21350513  0.11533324  0.26014859  0.16952586\n",
      "   0.14730837  0.19570561  0.31751808  0.35336483  0.13745643  0.2533274\n",
      "   0.16810673  0.15252718  0.19918433  1.          0.14525518]\n",
      " [ 0.18790439  0.21887361  0.39382102  0.15573339  0.10384059  0.13642053\n",
      "   0.21524044  0.18407292  0.32060746  0.1513979   0.15857893  0.43533191\n",
      "   0.18232674  0.20879969  0.09031603  0.19623628  0.14529272  0.20070666\n",
      "   0.22426523  0.13631704  0.08443574  0.16064285  0.13868038  0.28778985\n",
      "   0.32213393 -0.01677806  0.060008    0.14525518  1.        ]]\n",
      "Matrix 3:\n",
      " [[1.         0.22678145 0.25551756 0.16963681 0.21612118 0.17117377\n",
      "  0.32229107 0.2250952  0.31695443 0.38055658 0.20754314 0.25844804\n",
      "  0.16087332 0.34592861 0.30292368 0.20645392 0.36003221 0.35259965\n",
      "  0.33657907 0.32895669 0.17936477 0.16921803 0.23251631 0.32873197\n",
      "  0.15203255 0.12251237 0.23179701 0.3092265  0.30409381]\n",
      " [0.22678145 1.         0.40841749 0.30029677 0.27815632 0.22182607\n",
      "  0.36215786 0.30118148 0.29814036 0.50878127 0.31183711 0.26306227\n",
      "  0.32739397 0.48270305 0.38770938 0.34858701 0.31415214 0.40406788\n",
      "  0.45427432 0.38662556 0.26566389 0.32203246 0.31855841 0.60859643\n",
      "  0.20282988 0.22805871 0.35372091 0.42987968 0.27616289]\n",
      " [0.25551756 0.40841749 1.         0.27117456 0.27289053 0.29845239\n",
      "  0.32752749 0.2682721  0.31056041 0.4737844  0.30621093 0.24435041\n",
      "  0.31766535 0.5635596  0.39116476 0.35176128 0.3437487  0.45268169\n",
      "  0.47215554 0.40687035 0.2541266  0.35282543 0.31865146 0.51359373\n",
      "  0.17586681 0.29713109 0.38071499 0.44701376 0.30774783]\n",
      " [0.16963681 0.30029677 0.27117456 1.         0.30442219 0.25681792\n",
      "  0.26521539 0.22285287 0.20443824 0.34741136 0.21805349 0.22966319\n",
      "  0.22889222 0.30735687 0.29745434 0.20405157 0.23544068 0.30283706\n",
      "  0.34220095 0.31475565 0.24604677 0.30680448 0.23527204 0.39806879\n",
      "  0.17521245 0.24513138 0.29611321 0.35136271 0.2305994 ]\n",
      " [0.21612118 0.27815632 0.27289053 0.30442219 1.         0.32099191\n",
      "  0.29021665 0.27601075 0.28856624 0.41601187 0.28398331 0.17903697\n",
      "  0.266399   0.34254618 0.37350559 0.24176681 0.25253738 0.33431437\n",
      "  0.33767102 0.31882206 0.27414996 0.3619569  0.24513683 0.37071987\n",
      "  0.07374563 0.24852589 0.30895324 0.46450697 0.18006664]\n",
      " [0.17117377 0.22182607 0.29845239 0.25681792 0.32099191 1.\n",
      "  0.21398829 0.30126956 0.22091865 0.43091368 0.4737315  0.23009188\n",
      "  0.28429526 0.32605783 0.3984665  0.20712806 0.26451639 0.24229366\n",
      "  0.37659424 0.28667272 0.31425614 0.33208156 0.28992588 0.36287192\n",
      "  0.13010141 0.44512108 0.42694256 0.50381372 0.13257847]\n",
      " [0.32229107 0.36215786 0.32752749 0.26521539 0.29021665 0.21398829\n",
      "  1.         0.32534996 0.3849608  0.55529838 0.27212046 0.3611564\n",
      "  0.32937383 0.45949832 0.45637338 0.3006643  0.3352209  0.48143398\n",
      "  0.45548439 0.45129435 0.30119601 0.25837132 0.31312945 0.59814629\n",
      "  0.23313881 0.27539994 0.42083975 0.38752679 0.30170822]\n",
      " [0.2250952  0.30118148 0.2682721  0.22285287 0.27601075 0.30126956\n",
      "  0.32534996 1.         0.26898685 0.39059148 0.39767728 0.25834546\n",
      "  0.30972573 0.36506962 0.33032302 0.36161681 0.36465046 0.27117238\n",
      "  0.37692983 0.26455284 0.26442905 0.27375015 0.26115982 0.37582894\n",
      "  0.16622008 0.3011575  0.37365867 0.38249301 0.2126825 ]\n",
      " [0.31695443 0.29814036 0.31056041 0.20443824 0.28856624 0.22091865\n",
      "  0.3849608  0.26898685 1.         0.49905758 0.29870252 0.42691458\n",
      "  0.2830521  0.41458637 0.42496027 0.26227272 0.40590098 0.39135923\n",
      "  0.38875201 0.39057615 0.28938125 0.24234804 0.21643854 0.40759583\n",
      "  0.17297303 0.2109666  0.28316422 0.35062158 0.28224522]\n",
      " [0.38055658 0.50878127 0.4737844  0.34741136 0.41601187 0.43091368\n",
      "  0.55529838 0.39059148 0.49905758 1.         0.43390283 0.3870127\n",
      "  0.46163353 0.60735042 0.58633111 0.38382118 0.49012587 0.59168163\n",
      "  0.6136757  0.55771904 0.40671447 0.38362293 0.39845317 0.70640524\n",
      "  0.22430569 0.34735933 0.54358747 0.59663353 0.37421391]\n",
      " [0.20754314 0.31183711 0.30621093 0.21805349 0.28398331 0.4737315\n",
      "  0.27212046 0.39767728 0.29870252 0.43390283 1.         0.26960479\n",
      "  0.33874591 0.38305883 0.43430083 0.30237767 0.25169987 0.2426218\n",
      "  0.43878117 0.31183698 0.32140258 0.29215748 0.29085288 0.4316184\n",
      "  0.12813917 0.36969669 0.44228442 0.48019872 0.16816789]\n",
      " [0.25844804 0.26306227 0.24435041 0.22966319 0.17903697 0.23009188\n",
      "  0.3611564  0.25834546 0.42691458 0.3870127  0.26960479 1.\n",
      "  0.24592374 0.3707726  0.34335578 0.21933669 0.37030108 0.34321286\n",
      "  0.360727   0.3470803  0.29059629 0.19381707 0.27237412 0.39795219\n",
      "  0.15909357 0.27538611 0.2954433  0.29121261 0.21419313]\n",
      " [0.16087332 0.32739397 0.31766535 0.22889222 0.266399   0.28429526\n",
      "  0.32937383 0.30972573 0.2830521  0.46163353 0.33874591 0.24592374\n",
      "  1.         0.44410003 0.36380073 0.34724379 0.27727192 0.36921861\n",
      "  0.45800119 0.35610518 0.27255729 0.30913834 0.2480621  0.47262547\n",
      "  0.21205544 0.30596931 0.30329016 0.395441   0.28087821]\n",
      " [0.34592861 0.48270305 0.5635596  0.30735687 0.34254618 0.32605783\n",
      "  0.45949832 0.36506962 0.41458637 0.60735042 0.38305883 0.3707726\n",
      "  0.44410003 1.         0.52717531 0.43587353 0.34009314 0.58638168\n",
      "  0.55329471 0.58453693 0.39699209 0.38330873 0.33119572 0.66829045\n",
      "  0.2531539  0.33390833 0.48267624 0.53086599 0.36955662]\n",
      " [0.30292368 0.38770938 0.39116476 0.29745434 0.37350559 0.3984665\n",
      "  0.45637338 0.33032302 0.42496027 0.58633111 0.43430083 0.34335578\n",
      "  0.36380073 0.52717531 1.         0.30180783 0.42111033 0.51925335\n",
      "  0.48455074 0.48375391 0.35546896 0.31353806 0.39339323 0.56444871\n",
      "  0.20079885 0.3275441  0.47752098 0.54187035 0.22822592]\n",
      " [0.20645392 0.34858701 0.35176128 0.20405157 0.24176681 0.20712806\n",
      "  0.3006643  0.36161681 0.26227272 0.38382118 0.30237767 0.21933669\n",
      "  0.34724379 0.43587353 0.30180783 1.         0.23988037 0.36693743\n",
      "  0.44468019 0.34748497 0.2211903  0.28734488 0.23268104 0.43251737\n",
      "  0.17003044 0.2880884  0.30335064 0.31090224 0.33078078]\n",
      " [0.36003221 0.31415214 0.3437487  0.23544068 0.25253738 0.26451639\n",
      "  0.3352209  0.36465046 0.40590098 0.49012587 0.25169987 0.37030108\n",
      "  0.27727192 0.34009314 0.42111033 0.23988037 1.         0.44201373\n",
      "  0.39903171 0.38689865 0.29392803 0.20562719 0.39888488 0.3989292\n",
      "  0.19186709 0.2735919  0.35074223 0.40913322 0.28722879]\n",
      " [0.35259965 0.40406788 0.45268169 0.30283706 0.33431437 0.24229366\n",
      "  0.48143398 0.27117238 0.39135923 0.59168163 0.2426218  0.34321286\n",
      "  0.36921861 0.58638168 0.51925335 0.36693743 0.44201373 1.\n",
      "  0.51908595 0.74365387 0.2792873  0.32963161 0.38076931 0.58012877\n",
      "  0.18798545 0.28093171 0.45537673 0.43623583 0.36198414]\n",
      " [0.33657907 0.45427432 0.47215554 0.34220095 0.33767102 0.37659424\n",
      "  0.45548439 0.37692983 0.38875201 0.6136757  0.43878117 0.360727\n",
      "  0.45800119 0.55329471 0.48455074 0.44468019 0.39903171 0.51908595\n",
      "  1.         0.49730265 0.35330153 0.40785851 0.3879073  0.64951367\n",
      "  0.21251074 0.3708801  0.48235055 0.5118704  0.38032204]\n",
      " [0.32895669 0.38662556 0.40687035 0.31475565 0.31882206 0.28667272\n",
      "  0.45129435 0.26455284 0.39057615 0.55771904 0.31183698 0.3470803\n",
      "  0.35610518 0.58453693 0.48375391 0.34748497 0.38689865 0.74365387\n",
      "  0.49730265 1.         0.32271566 0.31145984 0.39813831 0.58595675\n",
      "  0.18038257 0.28159238 0.48397409 0.4310083  0.32638927]\n",
      " [0.17936477 0.26566389 0.2541266  0.24604677 0.27414996 0.31425614\n",
      "  0.30119601 0.26442905 0.28938125 0.40671447 0.32140258 0.29059629\n",
      "  0.27255729 0.39699209 0.35546896 0.2211903  0.29392803 0.2792873\n",
      "  0.35330153 0.32271566 1.         0.30751756 0.18703035 0.39878296\n",
      "  0.08949461 0.31224648 0.33193259 0.40788763 0.18130414]\n",
      " [0.16921803 0.32203246 0.35282543 0.30680448 0.3619569  0.33208156\n",
      "  0.25837132 0.27375015 0.24234804 0.38362293 0.29215748 0.19381707\n",
      "  0.30913834 0.38330873 0.31353806 0.28734488 0.20562719 0.32963161\n",
      "  0.40785851 0.31145984 0.30751756 1.         0.33299941 0.43881671\n",
      "  0.1194916  0.26778907 0.30142888 0.49074611 0.29413115]\n",
      " [0.23251631 0.31855841 0.31865146 0.23527204 0.24513683 0.28992588\n",
      "  0.31312945 0.26115982 0.21643854 0.39845317 0.29085288 0.27237412\n",
      "  0.2480621  0.33119572 0.39339323 0.23268104 0.39888488 0.38076931\n",
      "  0.3879073  0.39813831 0.18703035 0.33299941 1.         0.43356666\n",
      "  0.16069461 0.29488713 0.35566032 0.42352833 0.1684095 ]\n",
